-4.364600916295000275e+02
-4.363298594473998833e+02
-4.363117126412818720e+02
-4.362836471981220257e+02
-4.362721262914431577e+02
-4.362337563435536936e+02
-4.362207581148701365e+02
-4.362037211377208337e+02
-4.362007187196166456e+02
-4.361787683605759867e+02
-4.361745127912190014e+02
-4.361685153048713914e+02
-4.361666043410841667e+02
-4.361664536689393685e+02
-4.361653291402491845e+02
-4.361622532235378458e+02
-4.361564247839867221e+02
-4.361535546633755303e+02
-4.361503464491711952e+02
-4.361460284059980950e+02
-4.361331808494593361e+02
-4.361268085202149223e+02
-4.361144717789961760e+02
-4.361132700767684582e+02
-4.361094481491939518e+02
-4.360986401790050309e+02
-4.360980264656348595e+02
-4.360954907636864277e+02
-4.360890596355563389e+02
-4.360845541709348936e+02
-4.360795525907147976e+02
-4.360754991425276330e+02
-4.360706114851487882e+02
-4.360664147146775917e+02
-4.360655731556250885e+02
-4.360588406832054602e+02
-4.360570399673290467e+02
-4.360550261054917200e+02
-4.360527843979720615e+02
-4.360480915119022711e+02
-4.360474079748552754e+02
-4.360449237219318661e+02
-4.360427481631587057e+02
-4.360424247692870381e+02
-4.360260235550900347e+02
-4.360224000737550227e+02
-4.360215254403292988e+02
-4.360152743837868456e+02
-4.360116619272428693e+02
-4.360095635420072995e+02
-4.360084279885260230e+02
-4.360053630966057199e+02
-4.360045582868568772e+02
-4.360044774383889603e+02
-4.360035256314257026e+02
-4.360002586183355788e+02
-4.359981051091446034e+02
-4.359966277871398574e+02
-4.359951872144387153e+02
-4.359950879913189965e+02
-4.359914608350536014e+02
-4.359859631392349115e+02
-4.359849378336644463e+02
-4.359848827097090407e+02
-4.359847724617982294e+02
-4.359847283626339163e+02
-4.359815642475938944e+02
-4.359766324910506796e+02
-4.359727811640333357e+02
-4.359714655389644236e+02
-4.359711678696052672e+02
-4.359644353971856390e+02
-4.359630021743452062e+02
-4.359593713431494280e+02
-4.359590589740688529e+02
-4.359583680871611477e+02
-4.359578793214232633e+02
-4.359577176244874295e+02
-4.359558654595859366e+02
-4.359530614877211860e+02
-4.359508087554104918e+02
-4.359507646562461787e+02
-4.359483686016513957e+02
-4.359419080740784125e+02
-4.359400007852215140e+02
-4.359399456612661083e+02
-4.359394238211550032e+02
-4.359373474855015616e+02
-4.359345876128011241e+02
-4.359338452768683965e+02
-4.359328456958104425e+02
-4.359308024345302783e+02
-4.359299020765920432e+02
-4.359291854651718268e+02
-4.359285350024981085e+02
-4.359280352119691315e+02
-4.359276236197688377e+02
-4.359256391573743485e+02
-4.359215489598836371e+02
-4.359212182161512033e+02
-4.359190941064030653e+02
