-4.364600916295000275e+02
-4.363289039655062425e+02
-4.363107314348757200e+02
-4.362804794081516206e+02
-4.362657319126166726e+02
-4.362206184675164309e+02
-4.362060620683602110e+02
-4.362003622513717573e+02
-4.361935268809020272e+02
-4.361784229171221341e+02
-4.361743768187956789e+02
-4.361684307814730914e+02
-4.361652335920598489e+02
-4.361626905402506509e+02
-4.361562741118419808e+02
-4.361522169887244900e+02
-4.361498834079458220e+02
-4.361462378770286250e+02
-4.361441358168626721e+02
-4.361381603800971902e+02
-4.361328207062840079e+02
-4.361259302118588721e+02
-4.361140307873529878e+02
-4.361126784129804719e+02
-4.361092497029545143e+02
-4.360981661129885651e+02
-4.360975634244094863e+02
-4.360909375249702862e+02
-4.360886921425203013e+02
-4.360839992564505110e+02
-4.360790858745590981e+02
-4.360744260628625284e+02
-4.360703468901628526e+02
-4.360660655962933561e+02
-4.360622987926743122e+02
-4.360569407442093279e+02
-4.360567422979698335e+02
-4.360548313341826088e+02
-4.360521192355768676e+02
-4.360476652199805017e+02
-4.360468383606494740e+02
-4.360425754414317794e+02
-4.360370703957523801e+02
-4.360363023353071412e+02
-4.360223155503567227e+02
-4.360209925754271012e+02
-4.360151347364331400e+02
-4.360147525436756837e+02
-4.360105043241794647e+02
-4.360092401481355751e+02
-4.360078510244595122e+02
-4.360045399122050753e+02
-4.360040878957707946e+02
-4.360032573615093838e+02
-4.360027685957714993e+02
-4.359998470261352850e+02
-4.359978331642979583e+02
-4.359962713188949124e+02
-4.359949593687563834e+02
-4.359918320030199652e+02
-4.359905678269760756e+02
-4.359852465278146951e+02
-4.359847504122161013e+02
-4.359847099879821144e+02
-4.359845960651409769e+02
-4.359841954977317187e+02
-4.359807851623575630e+02
-4.359761914994074914e+02
-4.359727333899386394e+02
-4.359710796712766410e+02
-4.359704255336725396e+02
-4.359639539813084639e+02
-4.359626457061002611e+02
-4.359591581971885716e+02
-4.359589009520633454e+02
-4.359580042690554933e+02
-4.359569201645992962e+02
-4.359567070186383830e+02
-4.359557772612573103e+02
-4.359517458626523307e+02
-4.359505404854942299e+02
-4.359497797749096435e+02
-4.359469464036020554e+02
-4.359416177545799655e+02
-4.359397876392606577e+02
-4.359392694740798788e+02
-4.359387366091776812e+02
-4.359372225378693315e+02
-4.359342972933026772e+02
-4.359336284559771570e+02
-4.359308428587642084e+02
-4.359305415144747258e+02
-4.359293802364809380e+02
-4.359291229913557117e+02
-4.359277191679581733e+02
-4.359274655977633302e+02
-4.359262344960927180e+02
-4.359218833785463971e+02
-4.359214460618335352e+02
-4.359203031584915493e+02
-4.359182856217238964e+02
