3.5698
4.0643
4.8875
5.2888
6.5164
6.9125
7.0676
7.2536
7.6646
7.7747
7.9365
8.0235
8.0927
8.2673
8.3777
8.4412
8.5404
8.5976
8.7602
8.9055
9.0930
9.4168
9.4536
9.5469
9.8485
9.8649
10.0452
10.1063
10.2340
10.3677
10.4945
10.6055
10.7220
10.8245
10.9703
10.9757
11.0277
11.1015
11.2227
11.2452
11.3612
11.5110
11.5319
11.9125
11.9485
12.1079
12.1183
12.2339
12.2683
12.3061
12.3962
12.4085
12.4311
12.4444
12.5239
12.5787
12.6212
12.6569
12.7420
12.7764
12.9212
12.9347
12.9358
12.9389
12.9498
13.0426
13.1676
13.2617
13.3067
13.3245
13.5006
13.5362
13.6311
13.6381
13.6625
13.6920
13.6978
13.7231
13.8328
13.8656
13.8863
13.9634
14.1084
14.1582
14.1723
14.1868
14.2280
14.3076
14.3258
14.4016
14.4098
14.4414
14.4484
14.4866
14.4935
14.5270
14.6454
14.6573
14.6884
14.7433
