3.5438
4.0376
4.8013
5.1148
6.1589
6.5126
6.9762
7.0579
7.6552
7.7710
7.9342
7.9862
7.9903
8.0209
8.1046
8.2632
8.3413
8.4286
8.5461
8.8957
9.0691
9.4048
9.4375
9.5415
9.8356
9.8523
9.9213
10.0963
10.2189
10.3550
10.4653
10.5983
10.7125
10.7354
10.9186
10.9676
11.0224
11.0834
11.2111
11.2297
11.2973
11.3565
11.3653
11.8116
11.9102
11.9340
12.1041
12.2024
12.2595
12.2904
12.3738
12.3957
12.3979
12.4238
12.5127
12.5713
12.6115
12.6507
12.6534
12.7521
12.9017
12.9296
12.9311
12.9341
12.9353
13.0214
13.1556
13.2604
13.2962
13.3043
13.4875
13.5265
13.6253
13.6338
13.6526
13.6659
13.6703
13.7207
13.7970
13.8583
13.8595
13.9247
14.1005
14.1524
14.1539
14.1681
14.2246
14.2997
14.3199
14.3471
14.4027
14.4272
14.4467
14.4644
14.4780
14.4892
14.5432
14.6545
14.6635
14.7213
