-106.76516683
-106.69634033
-106.65057855
-106.65057855
-106.62713889
-106.59413225
-106.59146767
-106.59135121
-106.58700515
-106.57116684
-106.57116684
-106.57089834
-106.56353811
-106.54947578
-106.54462598
-106.50759113
-106.50082072
-106.49088006
-106.48470038
-106.47217433
-106.46936542
-106.45322017
-106.44130414
-106.43746056
-106.41776085
-106.39312187
-106.38563843
-106.37629106
-106.37473414
-106.35800913
-106.35478510
-106.34023659
-106.33165541
-106.32096183
-106.30292965
-106.28015863
-106.26304481
-106.26148706
-106.25664172
-106.24272898
-106.24020104
-106.22926622
-106.21936568
-106.20772097
-106.19172638
-106.16373597
-106.14725925
-106.14518699
-106.13532042
-106.12561310
-106.12184056
-106.11535542
-106.10367674
-106.09577789
-106.07912245
-106.04371968
-106.03273933
-106.03193317
-106.01286888
-106.01102378
-105.99724368
-105.99098007
-105.98362497
-105.97813052
-105.95403240
-105.92041016
-105.91784227
-105.91592043
-105.89621900
-105.89014584
-105.87162107
-105.85655791
-105.84872675
-105.84304310
-105.81075140
-105.80005953
-105.79606865
-105.77848215
-105.77388097
-105.76353344
-105.74392614
-105.69926202
-105.68528311
-105.67921560
-105.66615869
-105.66463545
-105.65845736
-105.64455509
-105.62524376
-105.61566837
-105.53979260
-105.51470343
-105.50639149
-105.49504684
-105.48561616
-105.47281765
-105.46387914
-105.42678913
-105.40200892
-105.38499538
