-106.76516683
-106.68554564
-106.65057855
-106.65057855
-106.62713889
-106.59413225
-106.59146767
-106.59135121
-106.57593746
-106.57116684
-106.57116684
-106.56185939
-106.55565264
-106.54947578
-106.53649964
-106.50180829
-106.49530927
-106.48785429
-106.47907061
-106.46636926
-106.46210136
-106.44951370
-106.43353732
-106.43047384
-106.41076101
-106.38796369
-106.38343722
-106.37328372
-106.37048494
-106.35178776
-106.34835341
-106.33668592
-106.32050147
-106.31354380
-106.29372910
-106.27542077
-106.26275084
-106.25863377
-106.25563223
-106.23720518
-106.23425745
-106.22413283
-106.20970225
-106.19817460
-106.18094549
-106.16114374
-106.14434309
-106.14207771
-106.13681429
-106.12261849
-106.11767309
-106.11020154
-106.09718710
-106.08465691
-106.06889426
-106.04401900
-106.02963287
-106.02519210
-106.01644281
-106.00802787
-105.99839486
-105.98720748
-105.97994734
-105.96846681
-105.95121745
-105.92350633
-105.91493600
-105.90930604
-105.89553115
-105.89335551
-105.87758717
-105.85639988
-105.84733956
-105.83775196
-105.81478932
-105.79865342
-105.79191240
-105.78665766
-105.77708509
-105.77329597
-105.75441971
-105.70195467
-105.68764518
-105.68144259
-105.67839576
-105.67046138
-105.66066200
-105.64890008
-105.64123954
-105.63067605
-105.57023508
-105.52414993
-105.51989992
-105.50787637
-105.50042909
-105.48632765
-105.47876054
-105.45688737
-105.43581656
-105.41791879
