-106.76516683
-106.72239127
-106.65057855
-106.65057855
-106.62713889
-106.61343085
-106.59413225
-106.59366168
-106.59146767
-106.59135121
-106.58360140
-106.57116684
-106.57116684
-106.56480188
-106.54947578
-106.52115996
-106.51563463
-106.49835634
-106.49812095
-106.49398323
-106.47655463
-106.46582456
-106.45849114
-106.45270636
-106.43614691
-106.40665393
-106.39184993
-106.38353122
-106.38337538
-106.37803085
-106.36197592
-106.35586066
-106.34551337
-106.34124625
-106.32506464
-106.29036727
-106.27518651
-106.26895950
-106.26254233
-106.25503571
-106.24739005
-106.24230760
-106.23220604
-106.22629907
-106.21444636
-106.16840222
-106.16615745
-106.15436081
-106.13728716
-106.13281533
-106.12816313
-106.12516331
-106.11988803
-106.10333368
-106.09351844
-106.05393598
-106.04145454
-106.03969218
-106.01818716
-106.00904817
-106.00312897
-105.99845385
-105.99647647
-105.97537442
-105.94824070
-105.93439440
-105.92407731
-105.91056375
-105.90260463
-105.88008568
-105.86569635
-105.85236927
-105.85026678
-105.84411157
-105.80656383
-105.80125714
-105.79926541
-105.77986320
-105.75314168
-105.73237753
-105.72018569
-105.69470487
-105.67881146
-105.67302045
-105.65449385
-105.64993172
-105.63277916
-105.63128730
-105.59085179
-105.58287499
-105.50088258
-105.49170335
-105.46625401
-105.45720719
-105.45383000
-105.44139044
-105.43195183
-105.36270689
-105.33177106
-105.31621716
