-106.76443776
-106.65056743
-106.65000309
-106.64986641
-106.62650892
-106.59382156
-106.59116318
-106.59103009
-106.57096701
-106.57076891
-106.54932107
-106.53730314
-106.53589538
-106.53463420
-106.51247775
-106.47963922
-106.47698467
-106.47686164
-106.45675342
-106.45657863
-106.43541752
-106.42315867
-106.42060042
-106.41936897
-106.39763693
-106.36517879
-106.36253339
-106.36238586
-106.34240205
-106.34199043
-106.32134179
-106.30889523
-106.30538788
-106.30420487
-106.28279875
-106.25072696
-106.24808149
-106.24789867
-106.22804825
-106.22740224
-106.20721811
-106.19456931
-106.19025045
-106.18907940
-106.16796313
-106.13628303
-106.13362882
-106.13340093
-106.11369208
-106.11281404
-106.09305560
-106.08020345
-106.07517870
-106.07397035
-106.05313003
-106.02184615
-106.01917533
-106.01889350
-105.99933359
-105.99822584
-105.97886081
-105.96580858
-105.96016122
-105.95887037
-105.93829936
-105.90741542
-105.90472102
-105.90437727
-105.88497281
-105.88363765
-105.86463826
-105.85130151
-105.84515392
-105.84374759
-105.82346946
-105.79298645
-105.79026300
-105.78985181
-105.77060564
-105.76904942
-105.75036850
-105.73433926
-105.72930907
-105.72575097
-105.70849391
-105.67833946
-105.67563708
-105.67523496
-105.65596431
-105.65444890
-105.63560464
-105.61361841
-105.60959388
-105.58940870
-105.56040494
-105.55760946
-105.55707299
-105.53808614
-105.53659278
-105.51712937
