-106.76516683
-106.65057855
-106.65057855
-106.65057855
-106.62713889
-106.59413225
-106.59146767
-106.59135121
-106.57116684
-106.57116684
-106.54947578
-106.53599027
-106.53599027
-106.53599027
-106.51255061
-106.47954397
-106.47687939
-106.47676293
-106.45657856
-106.45657856
-106.43488750
-106.42140199
-106.42140199
-106.42140199
-106.39796233
-106.36495569
-106.36229111
-106.36217465
-106.34199028
-106.34199028
-106.32029922
-106.30681371
-106.30681371
-106.30681371
-106.28337405
-106.25036741
-106.24770283
-106.24758637
-106.22740200
-106.22740200
-106.20571094
-106.19222543
-106.19222543
-106.19222543
-106.16878577
-106.13577913
-106.13311455
-106.13299809
-106.11281372
-106.11281372
-106.09112266
-106.07763715
-106.07763715
-106.07763715
-106.05419749
-106.02119085
-106.01852627
-106.01840981
-105.99822544
-105.99822544
-105.97653438
-105.96304887
-105.96304887
-105.96304887
-105.93960921
-105.90660257
-105.90393799
-105.90382153
-105.88363716
-105.88363716
-105.86194610
-105.84846059
-105.84846059
-105.84846059
-105.82502093
-105.79201429
-105.78934971
-105.78923325
-105.76904888
-105.76904888
-105.74735782
-105.73387231
-105.73387231
-105.73387231
-105.71043265
-105.67742601
-105.67476143
-105.67464497
-105.65446060
-105.65446060
-105.63276954
-105.61928403
-105.61928403
-105.59584437
-105.56283773
-105.56017315
-105.56005669
-105.53987232
-105.53987232
-105.51818126
