-106.76516683
-106.65341388
-106.65057855
-106.65057855
-106.62713889
-106.59413225
-106.59146767
-106.59135121
-106.57116684
-106.57116684
-106.54947578
-106.54104255
-106.53782126
-106.53564666
-106.51430159
-106.48130756
-106.47848875
-106.47815637
-106.45880716
-106.45737800
-106.43734460
-106.42702117
-106.42032153
-106.41903944
-106.39825310
-106.36773578
-106.36466543
-106.36382458
-106.34558001
-106.34279040
-106.32426068
-106.31282255
-106.30409941
-106.30222636
-106.28228839
-106.25418393
-106.25081104
-106.24937483
-106.23228184
-106.22820278
-106.21081874
-106.19852453
-106.18827447
-106.18560451
-106.16639859
-106.14059085
-106.13692612
-106.13486941
-106.11891918
-106.11361515
-106.09716201
-106.08416531
-106.07259774
-106.06923966
-106.05057695
-106.02693026
-106.02301073
-106.02033501
-106.00549708
-105.99902750
-105.98336036
-105.96972377
-105.95699457
-105.95309739
-105.93481740
-105.91318889
-105.90906188
-105.90578395
-105.89201833
-105.88443984
-105.86943519
-105.85399279
-105.84092846
-105.83708206
-105.81907451
-105.79928282
-105.79500232
-105.79121824
-105.77840888
-105.76985061
-105.75528389
-105.73132640
-105.72055666
-105.71173368
-105.70199574
-105.68355048
-105.67958961
-105.67640531
-105.66291010
-105.65507801
-105.64006523
-105.60093886
-105.59181031
-105.57523676
-105.55602744
-105.55358182
-105.55271174
-105.53366898
-105.53289827
-105.51657766
