-106.76516683
-106.67622214
-106.65057855
-106.65057855
-106.62713889
-106.59413225
-106.59146767
-106.59135121
-106.57116684
-106.57116684
-106.56627198
-106.55436101
-106.54947578
-106.54913064
-106.52968946
-106.49647590
-106.49058770
-106.48521825
-106.47388699
-106.46377221
-106.45338884
-106.44597470
-106.42805107
-106.42440009
-106.40556431
-106.38405828
-106.37986379
-106.37067158
-106.36558514
-106.34918909
-106.34028905
-106.33276298
-106.31083393
-106.30814652
-106.28679516
-106.27061966
-106.26343680
-106.25607263
-106.25343144
-106.23460558
-106.22698958
-106.21920202
-106.19885889
-106.19142777
-106.17176532
-106.15753180
-106.14395257
-106.14135451
-106.13771380
-106.12002112
-106.11298601
-106.10460737
-106.08724794
-106.07608299
-106.05865082
-106.04294429
-106.02714180
-106.02438877
-106.01976613
-106.00543379
-105.99768510
-105.98311420
-105.97354794
-105.96005009
-105.94410838
-105.92565945
-105.91242223
-105.90648502
-105.90075307
-105.89081635
-105.88125066
-105.85327915
-105.84670099
-105.83255603
-105.81656401
-105.79960514
-105.79703023
-105.78822822
-105.78103704
-105.77544921
-105.76229100
-105.70484047
-105.69451635
-105.68766630
-105.68030970
-105.67367855
-105.66336977
-105.65584360
-105.65211372
-105.64256899
-105.60120937
-105.53774090
-105.52834389
-105.51982780
-105.51430864
-105.49759625
-105.49270605
-105.48496601
-105.46826729
-105.44935331
