-106.69641272
-106.64950453
-106.61687876
-106.61165007
-106.59855180
-106.57280152
-106.55115358
-106.54683406
-106.54047666
-106.53246747
-106.52799292
-106.52142984
-106.51310425
-106.50566594
-106.49518340
-106.48927449
-106.48525397
-106.47805382
-106.46755217
-106.45658412
-106.44669638
-106.43002631
-106.39979550
-106.39734980
-106.38057183
-106.37474480
-106.36988747
-106.36350349
-106.36234135
-106.34201176
-106.33740903
-106.31546995
-106.28720889
-106.27837883
-106.26919019
-106.25732910
-106.24907942
-106.24758755
-106.24691368
-106.22776071
-106.22704594
-106.19621322
-106.16861514
-106.16275388
-106.15249367
-106.14146388
-106.13440843
-106.12867402
-106.12773409
-106.11541028
-106.11275994
-106.06353782
-106.04529208
-106.03671926
-106.02805076
-106.01983406
-106.01972885
-106.01161957
-106.00158236
-106.00004821
-105.99809648
-105.92956034
-105.91032752
-105.90612406
-105.90414041
-105.90279527
-105.88434564
-105.88253994
-105.87244873
-105.86972604
-105.85063205
-105.81021860
-105.79033617
-105.78904372
-105.78141400
-105.75998234
-105.75906567
-105.72674394
-105.70070006
-105.68429907
-105.68239311
-105.67061171
-105.66378003
-105.65619204
-105.63458697
-105.61266296
-105.61114019
-105.56172283
-105.54786929
-105.53467413
-105.49938991
-105.44795930
-105.43446276
-105.43024404
-105.41129759
-105.41014756
-105.39582827
-105.20603116
-105.14088533
-105.12358946
