-106.76516683
-106.66835793
-106.65057855
-106.65057855
-106.62713889
-106.59413225
-106.59146767
-106.59135121
-106.57116684
-106.57116684
-106.55798246
-106.54947578
-106.54832950
-106.54391755
-106.52414980
-106.49160038
-106.48654560
-106.48296175
-106.46915389
-106.46157445
-106.44679243
-106.44175521
-106.42428606
-106.42034174
-106.40208375
-106.38031671
-106.37543087
-106.36844697
-106.36016938
-106.34698990
-106.33459578
-106.32772896
-106.30561361
-106.30294655
-106.28274252
-106.26657433
-106.26241806
-106.25387431
-106.24927105
-106.23240516
-106.22174645
-106.21352109
-106.18949642
-106.18750398
-106.16568394
-106.15304998
-106.14613947
-106.13927418
-106.13634578
-106.11782022
-106.10851259
-106.09888818
-106.07668935
-106.07107131
-106.05050190
-106.03964056
-106.02818059
-106.02461531
-106.02139686
-106.00323475
-105.99463147
-105.98026355
-105.96394289
-105.95444179
-105.93581494
-105.92515842
-105.91066988
-105.90914693
-105.90485581
-105.88864098
-105.88019133
-105.84987242
-105.84560809
-105.82989881
-105.81484109
-105.80666603
-105.79540632
-105.79084676
-105.78723558
-105.77375468
-105.76471650
-105.70884643
-105.70469125
-105.68834103
-105.68077266
-105.67580719
-105.66969636
-105.66759667
-105.65419388
-105.64862778
-105.63061214
-105.55167579
-105.53826613
-105.53132004
-105.52706127
-105.51070012
-105.50558445
-105.50541268
-105.49830805
-105.47849690
