-106.73037713
-106.65004318
-106.62842162
-106.62489701
-106.60621842
-106.58303385
-106.57082549
-106.56258086
-106.56136027
-106.54412883
-106.54124314
-106.54082946
-106.53169638
-106.52588400
-106.50906798
-106.48538221
-106.48149047
-106.47795754
-106.46318807
-106.45658125
-106.44369938
-106.42898855
-106.40553955
-106.40129433
-106.38487393
-106.37518658
-106.37145576
-106.36348309
-106.35558078
-106.34199708
-106.33288108
-106.31462066
-106.28608947
-106.28449972
-106.26493256
-106.26157314
-106.25682670
-106.24891553
-106.24594423
-106.22741505
-106.22098426
-106.19995704
-106.17134641
-106.16735485
-106.15166985
-106.14429800
-106.13830554
-106.13432389
-106.13408715
-106.11283916
-106.10873811
-106.08160623
-106.05564397
-106.04885469
-106.03801813
-106.02683020
-106.02020050
-106.01955544
-106.01912886
-105.99827902
-105.99606348
-105.95172999
-105.93006670
-105.92539664
-105.91868950
-105.90595105
-105.90515546
-105.90129094
-105.89880669
-105.88363622
-105.88219678
-105.81663314
-105.79433615
-105.79097228
-105.78906786
-105.78872914
-105.77574955
-105.76857690
-105.76724032
-105.75897552
-105.75034555
-105.69353976
-105.67363258
-105.67228917
-105.66070906
-105.64056910
-105.63891033
-105.61381583
-105.58708638
-105.57616470
-105.57368589
-105.54581808
-105.54419962
-105.52572060
-105.49086205
-105.46872641
-105.45921398
-105.37044096
-105.32691535
-105.30821117
