-106.76516683
-106.66194171
-106.65057855
-106.65057855
-106.62713889
-106.59413225
-106.59146767
-106.59135121
-106.57116684
-106.57116684
-106.55103811
-106.54947578
-106.54365043
-106.53996077
-106.51980147
-106.48730236
-106.48316219
-106.48106400
-106.46496455
-106.45977609
-106.44269890
-106.43641587
-106.42182456
-106.41853868
-106.39997426
-106.37595092
-106.37115883
-106.36659655
-106.35467913
-106.34519030
-106.33068663
-106.32213380
-106.30389159
-106.29968209
-106.28130303
-106.26321519
-106.25860982
-106.25204879
-106.24356693
-106.23060440
-106.21782366
-106.20778246
-106.18660800
-106.18318898
-106.16360191
-106.14939818
-106.14526003
-106.13747569
-106.13166698
-106.11601842
-106.10457598
-106.09330791
-106.06986851
-106.06824567
-106.04683785
-106.03534983
-106.03055676
-106.02288838
-106.01891495
-106.00143236
-105.99100677
-105.97718118
-105.95467848
-105.95268029
-105.93079491
-105.92142440
-105.91443418
-105.90828349
-105.90516175
-105.88684485
-105.87697929
-105.85190655
-105.83914224
-105.83164825
-105.81291217
-105.80640361
-105.79715814
-105.79353204
-105.78992918
-105.77217107
-105.76262217
-105.71739778
-105.70886950
-105.68914370
-105.68492058
-105.67836899
-105.67632591
-105.67171712
-105.66197323
-105.65522083
-105.64498495
-105.56692863
-105.55160002
-105.54344903
-105.53847960
-105.53060830
-105.52494624
-105.51683849
-105.51070528
-105.50367705
