-106.76516683
-106.65696324
-106.65057855
-106.65057855
-106.62713889
-106.59413225
-106.59146767
-106.59135121
-106.57116684
-106.57116684
-106.54947578
-106.54540401
-106.54019013
-106.53721487
-106.51654935
-106.48379000
-106.48046224
-106.47948189
-106.46146228
-106.45837725
-106.43975743
-106.43128054
-106.42050268
-106.41840109
-106.39881694
-106.37145970
-106.36748281
-106.36508657
-106.34964737
-106.34379043
-106.32737903
-106.31705269
-106.30350623
-106.29993841
-106.28147469
-106.25875578
-106.25434694
-106.25057609
-106.23753233
-106.22920356
-106.21431829
-106.20272599
-106.18691605
-106.18254034
-106.16445870
-106.14560969
-106.14104543
-106.13602753
-106.12515260
-106.11461664
-106.10091374
-106.08833240
-106.07055684
-106.06598607
-106.04773759
-106.03202306
-106.02754989
-106.02146178
-106.01252361
-106.00002970
-105.98729071
-105.97350418
-105.95425905
-105.95012783
-105.93127993
-105.91803982
-105.91377065
-105.90688603
-105.89963005
-105.88544260
-105.87339617
-105.85402846
-105.83633795
-105.83426854
-105.81464032
-105.80343602
-105.79923202
-105.79228022
-105.78604959
-105.77083872
-105.75917226
-105.72540835
-105.71323291
-105.69733342
-105.68763155
-105.68552911
-105.68117107
-105.67677432
-105.66800025
-105.65540304
-105.64337957
-105.58403844
-105.57042093
-105.55820362
-105.54827768
-105.54464421
-105.54265432
-105.52637155
-105.52212862
-105.51435812
