-106.76516683
-106.65128703
-106.65057855
-106.65057855
-106.62713889
-106.59413225
-106.59146767
-106.59135121
-106.57116684
-106.57116684
-106.54947578
-106.53791605
-106.53644260
-106.53523868
-106.51298435
-106.47995242
-106.47728442
-106.47715332
-106.45714501
-106.45677843
-106.43557469
-106.42373894
-106.42099080
-106.41992021
-106.39802147
-106.36556705
-106.36289523
-106.36270814
-106.34291886
-106.34219032
-106.32154374
-106.30944484
-106.30566324
-106.30468442
-106.28306421
-106.25119735
-106.24850430
-106.24824083
-106.22868756
-106.22760222
-106.20745158
-106.19508964
-106.19045138
-106.18946330
-106.16811238
-106.13684053
-106.13411122
-106.13375460
-106.11445125
-106.11301411
-106.09331149
-106.08069569
-106.07533473
-106.07424161
-106.05316580
-106.02249375
-106.01971601
-106.01925236
-106.00021009
-105.99842600
-105.97913264
-105.96627390
-105.96028614
-105.95902536
-105.93822431
-105.90815434
-105.90531871
-105.90473674
-105.88596421
-105.88383789
-105.86492137
-105.85174197
-105.84524603
-105.84380564
-105.82328695
-105.79381823
-105.79091748
-105.79020960
-105.77171184
-105.76924975
-105.75066799
-105.73462160
-105.72914258
-105.72625666
-105.70827261
-105.67929925
-105.67638013
-105.67562483
-105.65725376
-105.65464933
-105.63603377
-105.61407036
-105.61022823
-105.58979739
-105.56107459
-105.55855130
-105.55824668
-105.53828708
-105.53824241
-105.51779281
