-106.70876659
-106.64970318
-106.62026755
-106.61573321
-106.60060155
-106.57659987
-106.55496137
-106.55165143
-106.54598340
-106.54037607
-106.52928274
-106.52889882
-106.52289954
-106.51319696
-106.50690347
-106.48807896
-106.48396423
-106.47803203
-106.46612633
-106.45658298
-106.44576303
-106.42973848
-106.40056738
-106.39876319
-106.37990866
-106.37642930
-106.37198573
-106.36350578
-106.36045477
-106.34200421
-106.33583382
-106.31536850
-106.28666754
-106.28004566
-106.26798819
-106.25767175
-106.25055406
-106.24902910
-106.24876198
-106.22745309
-106.22514850
-106.19861941
-106.17137641
-106.16303051
-106.15398705
-106.14246984
-106.13443337
-106.13138744
-106.13052135
-106.11388568
-106.11268847
-106.07173447
-106.04687853
-106.04496320
-106.03360191
-106.02361611
-106.01979582
-106.01276853
-106.00973505
-106.00046663
-105.99814166
-105.93328638
-105.91977813
-105.91060344
-105.90696803
-105.90469718
-105.89160078
-105.88810479
-105.88322855
-105.88220486
-105.87019013
-105.81135350
-105.79055600
-105.78926552
-105.78480190
-105.76463034
-105.76309646
-105.75209581
-105.71959820
-105.71377909
-105.70133327
-105.68186233
-105.67155261
-105.66917996
-105.64466718
-105.62316124
-105.62230137
-105.56799600
-105.55322226
-105.54377611
-105.53574197
-105.49414328
-105.47656993
-105.45430331
-105.44954008
-105.43153796
-105.42067680
-105.26400873
-105.20589197
-105.18814849
