-106.75359491
-106.65040165
-106.64194757
-106.64012823
-106.61806905
-106.58992573
-106.58605874
-106.58452143
-106.56796875
-106.56371217
-106.54692993
-106.54095131
-106.53450827
-106.53035359
-106.51139326
-106.48147624
-106.47850501
-106.47763327
-106.45913082
-106.45657952
-106.43978440
-106.42697380
-106.41348311
-106.41079508
-106.39308983
-106.36960916
-106.36589255
-106.36331574
-106.34766728
-106.34199246
-106.32795007
-106.31284377
-106.29598866
-106.29159849
-106.27528345
-106.25725890
-106.25310434
-106.24881873
-106.23583568
-106.22740540
-106.21520355
-106.19858281
-106.17904803
-106.17380287
-106.15786554
-106.14428190
-106.14011321
-106.13427382
-106.12369993
-106.11281841
-106.10200940
-106.08413106
-106.06234847
-106.05713075
-106.04076707
-106.03068779
-106.02681999
-106.01970941
-106.01128133
-105.99823152
-105.98850854
-105.96788841
-105.94515451
-105.94087706
-105.92367970
-105.91647732
-105.91280871
-105.90513084
-105.89828335
-105.88364343
-105.87462388
-105.84303513
-105.82183560
-105.82021696
-105.80426680
-105.80053543
-105.79679983
-105.79044300
-105.78215612
-105.76896898
-105.76031317
-105.71161279
-105.68828959
-105.68222341
-105.67435435
-105.67287583
-105.67169295
-105.65744702
-105.65201167
-105.64765820
-105.64100488
-105.57946582
-105.56465735
-105.56190171
-105.53526353
-105.51359752
-105.50320872
-105.49686925
-105.47942293
-105.45934754
