-106.75863304
-106.65047878
-106.64556846
-106.64444677
-106.62176399
-106.59158648
-106.58857377
-106.58793566
-106.56936813
-106.56726506
-106.54806316
-106.53978604
-106.53514712
-106.53181041
-106.51189735
-106.48055860
-106.47780912
-106.47739970
-106.45807468
-106.45657912
-106.43824168
-106.42593164
-106.41608193
-106.41411895
-106.39513814
-106.36753654
-106.36438675
-106.36314263
-106.34539761
-106.34199155
-106.32585775
-106.31185932
-106.29925794
-106.29622514
-106.27855743
-106.25449130
-106.25090922
-106.24869570
-106.23257685
-106.22740396
-106.21284515
-106.19764921
-106.18296175
-106.17884824
-106.16212679
-106.14129662
-106.13737607
-106.13418145
-106.11963155
-106.11281637
-106.09948156
-106.08334112
-106.06686924
-106.06197792
-106.04582527
-106.02791036
-106.02378182
-106.01963761
-106.00657419
-105.99822878
-105.98588457
-105.96855592
-105.95073016
-105.94548013
-105.92960268
-105.91425991
-105.91005802
-105.90507688
-105.89335087
-105.88364108
-105.87200677
-105.84931935
-105.83215813
-105.82820407
-105.81278880
-105.79957747
-105.79550115
-105.79047359
-105.77898360
-105.76903660
-105.75764765
-105.72184831
-105.70487293
-105.69290556
-105.68471703
-105.67891981
-105.67554911
-105.67479082
-105.65671124
-105.65359926
-105.64140784
-105.58875097
-105.57550988
-105.56730982
-105.54619918
-105.52957810
-105.52455928
-105.51889661
-105.50755433
-105.49739323
