-106.73941615
-106.65018340
-106.63304491
-106.62997647
-106.60989395
-106.58568192
-106.57749082
-106.57213053
-106.56396838
-106.55108291
-106.54346185
-106.54312299
-106.53276477
-106.52738289
-106.50997349
-106.48398454
-106.48037024
-106.47789195
-106.46174348
-106.45658058
-106.44252233
-106.42847153
-106.40820453
-106.40399284
-106.38784313
-106.37379527
-106.36960553
-106.36345472
-106.35290063
-106.34199510
-106.33138855
-106.31414995
-106.28923876
-106.28518105
-106.26773999
-106.26087083
-106.25736360
-106.24890474
-106.24280401
-106.22741027
-106.21910518
-106.19972796
-106.17130964
-106.17000398
-106.15009638
-106.14681758
-106.14182378
-106.13432649
-106.13159861
-106.11282691
-106.10639741
-106.08366098
-106.05590716
-106.05300247
-106.03608794
-106.02991029
-106.02439135
-106.01972974
-106.01902684
-105.99824562
-105.99335498
-105.95956315
-105.93615874
-105.93147655
-105.92077063
-105.90912859
-105.90672323
-105.90507848
-105.90455190
-105.88363676
-105.87981246
-105.82427774
-105.80114112
-105.79876512
-105.79035476
-105.78988791
-105.78961792
-105.78612176
-105.77109196
-105.76825124
-105.76302925
-105.69730162
-105.67491048
-105.67416047
-105.66648026
-105.64671114
-105.64476369
-105.64065089
-105.61941230
-105.60311398
-105.59335603
-105.55798449
-105.55399188
-105.54740529
-105.50727946
-105.48536104
-105.47549832
-105.41816846
-105.38232464
-105.36310408
