-106.76225518
-106.65053412
-106.64830441
-106.64777537
-106.62466693
-106.59292994
-106.59022609
-106.58997997
-106.57036748
-106.56952265
-106.54885366
-106.53856932
-106.53561251
-106.53323922
-106.51225957
-106.47995530
-106.47729760
-106.47711114
-106.45726454
-106.45657882
-106.43669599
-106.42466450
-106.41859171
-106.41698495
-106.39667871
-106.36598930
-106.36324583
-106.36281638
-106.34358391
-106.34199087
-106.32353950
-106.31056106
-106.30242093
-106.30068511
-106.28113707
-106.25208901
-106.24918233
-106.24841356
-106.22986915
-106.22740291
-106.21008343
-106.19634608
-106.18669004
-106.18441016
-106.16563130
-106.13821055
-106.13510770
-106.13394579
-106.11612285
-106.11281495
-106.09643381
-106.08205973
-106.07114667
-106.06826575
-106.05015853
-106.02432701
-106.02102209
-106.01943953
-106.00234717
-105.99822698
-105.98264666
-105.96767991
-105.95568210
-105.95225686
-105.93471461
-105.91041874
-105.90692124
-105.90490933
-105.88853975
-105.88363900
-105.86873343
-105.85203124
-105.83964640
-105.83620435
-105.81921561
-105.79630901
-105.79268449
-105.79035237
-105.77453413
-105.76904946
-105.75450102
-105.73000306
-105.71908893
-105.70926416
-105.70186964
-105.67978951
-105.67672999
-105.67543810
-105.65791094
-105.65427639
-105.63894603
-105.60096974
-105.59137292
-105.57666944
-105.55462365
-105.54848445
-105.54476174
-105.53286299
-105.52389789
-105.51382476
