-106.76516683
-106.70861826
-106.65057855
-106.65057855
-106.62713889
-106.59949694
-106.59413225
-106.59146767
-106.59135121
-106.58150361
-106.57283907
-106.57116684
-106.57116684
-106.55407175
-106.54947578
-106.51395156
-106.50740295
-106.49430114
-106.49093030
-106.48311772
-106.47276062
-106.45797612
-106.45038539
-106.44500586
-106.42635101
-106.39929893
-106.38787457
-106.37970299
-106.37865373
-106.36840162
-106.35818158
-106.34554423
-106.34139872
-106.33038175
-106.31357690
-106.28495464
-106.26650551
-106.26503807
-106.25795250
-106.25066597
-106.24359470
-106.23588518
-106.22478180
-106.21940605
-106.20309248
-106.16588984
-106.15414392
-106.15055428
-106.13481473
-106.12901265
-106.12537550
-106.11993085
-106.10854569
-106.10481351
-106.08788444
-106.04372313
-106.04149003
-106.03593594
-106.01441641
-106.00988654
-105.99930254
-105.99400469
-105.98872739
-105.98141059
-105.95245241
-105.92551057
-105.92081568
-105.91533546
-105.89933227
-105.88492837
-105.86745044
-105.85264674
-105.85026288
-105.84715608
-105.80545917
-105.80180876
-105.80053854
-105.77944540
-105.76251546
-105.74954263
-105.73236215
-105.69688225
-105.68246043
-105.67672745
-105.66079306
-105.65501422
-105.64849889
-105.63914856
-105.60834273
-105.59942497
-105.51350513
-105.50724180
-105.48551612
-105.48118134
-105.47003861
-105.45769779
-105.44823243
-105.39528953
-105.36725022
-105.35100925
