-106.72012962
-106.64988292
-106.62410957
-106.62013250
-106.60312174
-106.58000925
-106.56220968
-106.55836693
-106.55103778
-106.54508196
-106.53708435
-106.53052689
-106.52855436
-106.52438682
-106.50804147
-106.48676691
-106.48269863
-106.47800152
-106.46466154
-106.45658204
-106.44477158
-106.42939939
-106.40292129
-106.39956753
-106.38193789
-106.37603318
-106.37259184
-106.36349897
-106.35814121
-106.34199989
-106.33433892
-106.31503683
-106.28567978
-106.28259415
-106.26601359
-106.25952727
-106.25400280
-106.24891040
-106.24829547
-106.22742460
-106.22299382
-106.19971839
-106.17207397
-106.16450078
-106.15361618
-106.14276158
-106.13474147
-106.13403782
-106.13364314
-106.11289121
-106.11124578
-106.07772913
-106.05279970
-106.04605478
-106.03762528
-106.02544497
-106.01982989
-106.01603277
-106.01528251
-105.99893095
-105.99803027
-105.94210939
-105.92389414
-105.92048653
-105.90986804
-105.90499186
-105.90376971
-105.89562414
-105.88673534
-105.88373952
-105.88304594
-105.81301434
-105.79128610
-105.78972475
-105.78724525
-105.77389850
-105.76905808
-105.76560376
-105.74595781
-105.73898561
-105.72679333
-105.68949112
-105.67250959
-105.67137700
-105.65341028
-105.63268396
-105.63146909
-105.58440138
-105.56698672
-105.55941022
-105.55193830
-105.53042234
-105.51763933
-105.48970987
-105.47314566
-105.45072906
-105.44095729
-105.31890931
-105.26798174
-105.24976992
