-106.74717442
-106.65030305
-106.63767080
-106.63517023
-106.61396617
-106.58796947
-106.58246146
-106.57936989
-106.56616903
-106.55846715
-106.54541901
-106.54206384
-106.53370870
-106.52887534
-106.51075051
-106.48265106
-106.47936637
-106.47779091
-106.46037334
-106.45658000
-106.44121987
-106.42781123
-106.41085919
-106.40729665
-106.39062395
-106.37182491
-106.36767410
-106.36340536
-106.35021923
-106.34199361
-106.32977404
-106.31358188
-106.29262111
-106.28763150
-106.27156639
-106.25955841
-106.25549924
-106.24887651
-106.23933667
-106.22740738
-106.21723432
-106.19925408
-106.17505629
-106.17066707
-106.15334384
-106.14602729
-106.14246765
-106.13431335
-106.12785569
-106.11282150
-106.10422576
-106.08434519
-106.05775274
-106.05532730
-106.03596287
-106.03207509
-106.02773189
-106.01973501
-106.01574505
-105.99823610
-105.99086959
-105.96499877
-105.93914461
-105.93847470
-105.91933333
-105.91615345
-105.91145896
-105.90513667
-105.90229108
-105.88364378
-105.87715915
-105.83415054
-105.81136245
-105.80775930
-105.80028680
-105.79457947
-105.79390414
-105.79022718
-105.78179169
-105.76875678
-105.76252609
-105.70280946
-105.67845752
-105.67678308
-105.67074399
-105.66122736
-105.65632543
-105.64914807
-105.64196995
-105.63094618
-105.62000784
-105.57059821
-105.55872826
-105.55566921
-105.52217489
-105.50041288
-105.48961295
-105.46133313
-105.43358654
-105.41384661
